[gd_scene load_steps=12 format=2]

[ext_resource path="res://GameModeSelection.tscn" type="PackedScene" id=1]
[ext_resource path="res://Game.gd" type="Script" id=2]
[ext_resource path="res://assets/MainOffice/MainOffice.tscn" type="PackedScene" id=3]
[ext_resource path="res://UI.tscn" type="PackedScene" id=4]
[ext_resource path="res://FakePlayer.gd" type="Script" id=5]
[ext_resource path="res://CharacterSelection.tscn" type="PackedScene" id=6]
[ext_resource path="res://assets/white.png" type="Texture" id=11]
[ext_resource path="res://assets/vignette.png" type="Texture" id=12]
[ext_resource path="res://vignette.shader" type="Shader" id=13]
[ext_resource path="res://Chat.tscn" type="PackedScene" id=14]

[sub_resource type="ShaderMaterial" id=1]
shader = ExtResource( 13 )
shader_param/vignette = ExtResource( 12 )

[node name="Game" type="Spatial"]
script = ExtResource( 2 )
run_as = 3
has_robots = 1
enable_focus_blur = false

[node name="CanvasLayer" type="CanvasLayer" parent="."]

[node name="Effects" type="Control" parent="CanvasLayer"]
anchor_right = 1.0
anchor_bottom = 1.0
mouse_filter = 2
__meta__ = {
"_edit_use_anchors_": false
}

[node name="VignetteEffect" type="TextureRect" parent="CanvasLayer/Effects"]
material = SubResource( 1 )
anchor_right = 1.0
anchor_bottom = 1.0
mouse_filter = 2
size_flags_horizontal = 2
size_flags_vertical = 2
texture = ExtResource( 11 )
expand = true
__meta__ = {
"_edit_use_anchors_": false
}

[node name="UI" parent="CanvasLayer" instance=ExtResource( 4 )]
margin_right = -178.0

[node name="Control" parent="CanvasLayer/UI/Bottom" index="0"]
margin_right = 826.0

[node name="Control" parent="CanvasLayer/UI/Top" index="1"]
margin_right = 610.0

[node name="HBoxContainer" parent="CanvasLayer/UI/Top" index="2"]
margin_left = 614.0
margin_right = 826.0

[node name="robot" parent="CanvasLayer/UI/Top/HBoxContainer" index="0"]
margin_left = 0.0
margin_right = 60.0

[node name="spacer" parent="CanvasLayer/UI/Top/HBoxContainer" index="1"]
margin_left = 64.0
margin_right = 84.0

[node name="away" parent="CanvasLayer/UI/Top/HBoxContainer" index="2"]
margin_left = 88.0
margin_right = 148.0

[node name="settings" parent="CanvasLayer/UI/Top/HBoxContainer" index="3"]
margin_left = 152.0
margin_right = 212.0

[node name="CharacterSelection" parent="CanvasLayer" instance=ExtResource( 6 )]

[node name="GameModeSelection" parent="CanvasLayer" instance=ExtResource( 1 )]

[node name="Chat" parent="CanvasLayer" instance=ExtResource( 14 )]

[node name="Players" type="Spatial" parent="."]

[node name="Sun" type="DirectionalLight" parent="."]
transform = Transform( 0.965926, -1.43934e-08, -0.258819, 0.224144, 0.5, 0.836516, 0.12941, -0.866025, 0.482963, -26.2575, 9.56182, 11.3093 )
shadow_enabled = true
directional_shadow_mode = 1

[node name="MainOffice" parent="." instance=ExtResource( 3 )]
transform = Transform( 1, 0, 0, 0, 1, 0, 0, 0, 1, -3.09865, 0.122459, 2.46107 )

[node name="FakePlayer" type="Spatial" parent="."]
script = ExtResource( 5 )

[node name="Camera" type="Camera" parent="FakePlayer"]
transform = Transform( 0.468547, 0.331971, -0.818693, 0, 0.926712, 0.375772, 0.883439, -0.176067, 0.434208, -12.0087, 4.81994, 5.78424 )

[node name="SpawnPointsPlayers" type="Spatial" parent="."]

[node name="P1" type="Spatial" parent="SpawnPointsPlayers"]
transform = Transform( 0.915817, 0, 0.401596, 0, 1, 0, -0.401596, 0, 0.915817, -7.64753, 0, 0.737466 )

[node name="P2" type="Spatial" parent="SpawnPointsPlayers"]
transform = Transform( 0.858584, 0, -0.512672, 0, 1, 0, 0.512672, 0, 0.858584, -4.17729, 0, -0.858048 )

[node name="P3" type="Spatial" parent="SpawnPointsPlayers"]
transform = Transform( 0.345675, 0, -0.938354, 0, 1, 0, 0.938354, 0, 0.345675, 2.2646, 0, -0.858048 )

[node name="P4" type="Spatial" parent="SpawnPointsPlayers"]
transform = Transform( -0.431299, 0, -0.902209, 0, 1, 0, 0.902209, 0, -0.431299, -1.10592, 0, 3.90855 )

[node name="P5" type="Spatial" parent="SpawnPointsPlayers"]
transform = Transform( 0.804386, 0, 0.594107, 0, 1, 0, -0.594107, 0, 0.804386, 5.09663, 0, -0.379394 )

[node name="P6" type="Spatial" parent="SpawnPointsPlayers"]
transform = Transform( -0.99893, 0, 0.0462524, 0, 1, 0, -0.0462524, 0, -0.99893, -7.34837, 0, 5.62373 )

[node name="P7" type="Spatial" parent="SpawnPointsPlayers"]
transform = Transform( -0.99852, 0, -0.0543923, 0, 1, 0, 0.0543923, 0, -0.99852, -4.57617, 0, 3.92849 )

[node name="P8" type="Spatial" parent="SpawnPointsPlayers"]
transform = Transform( -0.984613, 0, 0.174748, 0, 1, 0, -0.174748, 0, -0.984613, -11.2574, 0, -0.818161 )

[node name="P9" type="Spatial" parent="SpawnPointsPlayers"]
transform = Transform( 0.84233, 0, 0.538961, 0, 1, 0, -0.538961, 0, 0.84233, 10.2952, 0, 1.23899 )

[node name="P10" type="Spatial" parent="SpawnPointsPlayers"]
transform = Transform( 0.160604, 0, -0.987019, 0, 1, 0, 0.987019, 0, 0.160604, 7.03545, 0, 0.416131 )

[node name="SpawnPointsRobots" type="Spatial" parent="."]

[node name="P1" type="Spatial" parent="SpawnPointsRobots"]
transform = Transform( 0.915817, 0, 0.401596, 0, 1, 0, -0.401596, 0, 0.915817, -7.64753, 0, 2.52585 )

[node name="P2" type="Spatial" parent="SpawnPointsRobots"]
transform = Transform( 0.858584, 0, -0.512672, 0, 1, 0, 0.512672, 0, 0.858584, -1.37417, 0, -0.355893 )

[node name="P3" type="Spatial" parent="SpawnPointsRobots"]
transform = Transform( 0.345675, 0, -0.938354, 0, 1, 0, 0.938354, 0, 0.345675, 0.55063, 0, -0.483069 )

[node name="P4" type="Spatial" parent="SpawnPointsRobots"]
transform = Transform( -0.431299, 0, -0.902209, 0, 1, 0, 0.902209, 0, -0.431299, -1.86822, 0, 5.12944 )

[node name="P5" type="Spatial" parent="SpawnPointsRobots"]
transform = Transform( 0.804386, 0, 0.594107, 0, 1, 0, -0.594107, 0, 0.804386, 4.08279, 0, 0.457696 )

[node name="P6" type="Spatial" parent="SpawnPointsRobots"]
transform = Transform( -0.99893, 0, 0.0462524, 0, 1, 0, -0.0462524, 0, -0.99893, -9.10609, 0, 6.14646 )

[node name="P7" type="Spatial" parent="SpawnPointsRobots"]
transform = Transform( -0.99852, 0, -0.0543923, 0, 1, 0, 0.0543923, 0, -0.99852, -3.8007, 0, 5.29936 )

[node name="P8" type="Spatial" parent="SpawnPointsRobots"]
transform = Transform( -0.984613, 0, 0.174748, 0, 1, 0, -0.174748, 0, -0.984613, -13.5226, 0, -1.27067 )

[node name="P9" type="Spatial" parent="SpawnPointsRobots"]
transform = Transform( 0.84233, 0, 0.538961, 0, 1, 0, -0.538961, 0, 0.84233, 8.68627, 0, 0.381713 )

[node name="P10" type="Spatial" parent="SpawnPointsRobots"]
transform = Transform( 0.160604, 0, -0.987019, 0, 1, 0, 0.987019, 0, 0.160604, 4.62514, 0, -3.97963 )

[node name="Robots" type="Spatial" parent="."]

[node name="timer_save" type="Timer" parent="."]
wait_time = 3.0
autostart = true

[connection signal="timeout" from="timer_save" to="." method="_on_timer_save_timeout"]

[editable path="CanvasLayer/UI"]
