[gd_scene load_steps=16 format=2]

[ext_resource path="res://GameModeSelection.tscn" type="PackedScene" id=1]
[ext_resource path="res://Game.gd" type="Script" id=2]
[ext_resource path="res://assets/MainOffice/MainOffice.tscn" type="PackedScene" id=3]
[ext_resource path="res://UI.tscn" type="PackedScene" id=4]
[ext_resource path="res://FakePlayer.gd" type="Script" id=5]
[ext_resource path="res://CharacterSelection.tscn" type="PackedScene" id=6]
[ext_resource path="res://LikertItem.tscn" type="PackedScene" id=7]
[ext_resource path="res://MissionTarget.tscn" type="PackedScene" id=8]
[ext_resource path="res://Missions/BeCloseToSomeone.tscn" type="PackedScene" id=9]
[ext_resource path="res://QuestionsExplanations.tscn" type="PackedScene" id=10]
[ext_resource path="res://assets/white.png" type="Texture" id=11]
[ext_resource path="res://assets/vignette.png" type="Texture" id=12]
[ext_resource path="res://vignette.shader" type="Shader" id=13]
[ext_resource path="res://Chat.tscn" type="PackedScene" id=14]

[sub_resource type="ShaderMaterial" id=1]
shader = ExtResource( 13 )
shader_param/vignette = ExtResource( 12 )

[node name="Game" type="Spatial"]
script = ExtResource( 2 )
has_robots = 1
enable_focus_blur = false

[node name="CanvasLayer" type="CanvasLayer" parent="."]

[node name="Effects" type="Control" parent="CanvasLayer"]
anchor_right = 1.0
anchor_bottom = 1.0
mouse_filter = 2
__meta__ = {
"_edit_use_anchors_": false
}

[node name="VignetteEffect" type="TextureRect" parent="CanvasLayer/Effects"]
material = SubResource( 1 )
anchor_right = 1.0
anchor_bottom = 1.0
mouse_filter = 2
size_flags_horizontal = 2
size_flags_vertical = 2
texture = ExtResource( 11 )
expand = true
__meta__ = {
"_edit_use_anchors_": false
}

[node name="UI" parent="CanvasLayer" instance=ExtResource( 4 )]
margin_right = -178.0

[node name="Control" parent="CanvasLayer/UI/Bottom" index="0"]
margin_right = 824.0

[node name="CharacterSelection" parent="CanvasLayer" instance=ExtResource( 6 )]

[node name="GameModeSelection" parent="CanvasLayer" instance=ExtResource( 1 )]

[node name="Chat" parent="CanvasLayer" instance=ExtResource( 14 )]

[node name="Players" type="Spatial" parent="."]

[node name="Sun" type="DirectionalLight" parent="."]
transform = Transform( 0.965926, -1.43934e-08, -0.258819, 0.224144, 0.5, 0.836516, 0.12941, -0.866025, 0.482963, -26.2575, 9.56182, 11.3093 )
shadow_enabled = true
directional_shadow_mode = 1

[node name="MainOffice" parent="." instance=ExtResource( 3 )]
transform = Transform( 1, 0, 0, 0, 1, 0, 0, 0, 1, -3.09865, 0.122459, 2.46107 )

[node name="FakePlayer" type="Spatial" parent="."]
script = ExtResource( 5 )

[node name="Camera" type="Camera" parent="FakePlayer"]
transform = Transform( 0.468547, 0.331971, -0.818693, 0, 0.926712, 0.375772, 0.883439, -0.176067, 0.434208, -12.0087, 4.81994, 5.78424 )

[node name="SpawnPointsPlayers" type="Spatial" parent="."]

[node name="P1" type="Spatial" parent="SpawnPointsPlayers"]
transform = Transform( 0.915817, 0, 0.401596, 0, 1, 0, -0.401596, 0, 0.915817, -7.64753, 0, 0.737466 )

[node name="P2" type="Spatial" parent="SpawnPointsPlayers"]
transform = Transform( 0.858584, 0, -0.512672, 0, 1, 0, 0.512672, 0, 0.858584, -4.17729, 0, -0.858048 )

[node name="P3" type="Spatial" parent="SpawnPointsPlayers"]
transform = Transform( 0.345675, 0, -0.938354, 0, 1, 0, 0.938354, 0, 0.345675, 2.2646, 0, -0.858048 )

[node name="P4" type="Spatial" parent="SpawnPointsPlayers"]
transform = Transform( -0.431299, 0, -0.902209, 0, 1, 0, 0.902209, 0, -0.431299, -1.10592, 0, 3.90855 )

[node name="P5" type="Spatial" parent="SpawnPointsPlayers"]
transform = Transform( 0.804386, 0, 0.594107, 0, 1, 0, -0.594107, 0, 0.804386, 5.09663, 0, -0.379394 )

[node name="P6" type="Spatial" parent="SpawnPointsPlayers"]
transform = Transform( -0.99893, 0, 0.0462524, 0, 1, 0, -0.0462524, 0, -0.99893, -7.34837, 0, 5.62373 )

[node name="P7" type="Spatial" parent="SpawnPointsPlayers"]
transform = Transform( -0.99852, 0, -0.0543923, 0, 1, 0, 0.0543923, 0, -0.99852, -4.57617, 0, 3.92849 )

[node name="P8" type="Spatial" parent="SpawnPointsPlayers"]
transform = Transform( -0.984613, 0, 0.174748, 0, 1, 0, -0.174748, 0, -0.984613, -11.2574, 0, -0.818161 )

[node name="P9" type="Spatial" parent="SpawnPointsPlayers"]
transform = Transform( 0.84233, 0, 0.538961, 0, 1, 0, -0.538961, 0, 0.84233, 10.2952, 0, 1.23899 )

[node name="P10" type="Spatial" parent="SpawnPointsPlayers"]
transform = Transform( 0.160604, 0, -0.987019, 0, 1, 0, 0.987019, 0, 0.160604, 7.03545, 0, 0.416131 )

[node name="SpawnPointsRobots" type="Spatial" parent="."]

[node name="P1" type="Spatial" parent="SpawnPointsRobots"]
transform = Transform( 0.915817, 0, 0.401596, 0, 1, 0, -0.401596, 0, 0.915817, -7.64753, 0, 2.52585 )

[node name="P2" type="Spatial" parent="SpawnPointsRobots"]
transform = Transform( 0.858584, 0, -0.512672, 0, 1, 0, 0.512672, 0, 0.858584, -1.37417, 0, -0.355893 )

[node name="P3" type="Spatial" parent="SpawnPointsRobots"]
transform = Transform( 0.345675, 0, -0.938354, 0, 1, 0, 0.938354, 0, 0.345675, 0.55063, 0, -0.483069 )

[node name="P4" type="Spatial" parent="SpawnPointsRobots"]
transform = Transform( -0.431299, 0, -0.902209, 0, 1, 0, 0.902209, 0, -0.431299, -1.86822, 0, 5.12944 )

[node name="P5" type="Spatial" parent="SpawnPointsRobots"]
transform = Transform( 0.804386, 0, 0.594107, 0, 1, 0, -0.594107, 0, 0.804386, 4.08279, 0, 0.457696 )

[node name="P6" type="Spatial" parent="SpawnPointsRobots"]
transform = Transform( -0.99893, 0, 0.0462524, 0, 1, 0, -0.0462524, 0, -0.99893, -9.10609, 0, 6.14646 )

[node name="P7" type="Spatial" parent="SpawnPointsRobots"]
transform = Transform( -0.99852, 0, -0.0543923, 0, 1, 0, 0.0543923, 0, -0.99852, -3.8007, 0, 5.29936 )

[node name="P8" type="Spatial" parent="SpawnPointsRobots"]
transform = Transform( -0.984613, 0, 0.174748, 0, 1, 0, -0.174748, 0, -0.984613, -13.5226, 0, -1.27067 )

[node name="P9" type="Spatial" parent="SpawnPointsRobots"]
transform = Transform( 0.84233, 0, 0.538961, 0, 1, 0, -0.538961, 0, 0.84233, 8.68627, 0, 0.381713 )

[node name="P10" type="Spatial" parent="SpawnPointsRobots"]
transform = Transform( 0.160604, 0, -0.987019, 0, 1, 0, 0.987019, 0, 0.160604, 4.62514, 0, -3.97963 )

[node name="Robots" type="Spatial" parent="."]

[node name="timer_save" type="Timer" parent="."]

[node name="Mission_Target" type="Spatial" parent="."]

[node name="End of the corridor" parent="Mission_Target" instance=ExtResource( 8 )]

[node name="Zone" parent="Mission_Target/End of the corridor" index="0"]
transform = Transform( 1, 0, 0, 0, 1, 0, 0, 0, 1, -18.3743, 0, -1.37744 )

[node name="PoolTable" parent="Mission_Target" instance=ExtResource( 8 )]
transform = Transform( 0.0152012, 0, -0.999884, 0, 1, 0, 0.999884, 0, 0.0152012, 0, 0, -20.1173 )

[node name="Zone" parent="Mission_Target/PoolTable" index="0"]
transform = Transform( 1, 0, -1.49012e-08, 0, 1, 0, 1.49012e-08, 0, 1, 18.6466, 0, -10.222 )

[node name="Offices" parent="Mission_Target" instance=ExtResource( 8 )]

[node name="Zone" parent="Mission_Target/Offices" index="0"]
transform = Transform( 0.99911, 0, -0.0421896, 0, 1, 0, 0.0421896, 0, 0.99911, -18.4269, 0, -4.55832 )

[node name="Director Office" parent="Mission_Target" instance=ExtResource( 8 )]

[node name="Zone" parent="Mission_Target/Director Office" index="0"]
transform = Transform( 1, 0, 0, 0, 1, 0, 0, 0, 1, -16.3046, 0, 1.70854 )

[node name="Lift" parent="Mission_Target" instance=ExtResource( 8 )]

[node name="Zone" parent="Mission_Target/Lift" index="0"]
transform = Transform( 1, 0, 0, 0, 1, 0, 0, 0, 1, -0.834348, 0, -6.6003 )

[node name="Relaxation Room" parent="Mission_Target" instance=ExtResource( 8 )]

[node name="Zone" parent="Mission_Target/Relaxation Room" index="0"]
transform = Transform( 0.0184993, 0, -0.999829, 0, 1, 0, 0.999829, 0, 0.0184993, 13.6028, 0, -1.09717 )

[node name="Conference Room " parent="Mission_Target" instance=ExtResource( 8 )]

[node name="Zone" parent="Mission_Target/Conference Room " index="0"]
transform = Transform( 1, 0, 0, 0, 1, 0, 0, 0, 1, -24.4429, 0, -0.903887 )

[node name="Entrance" parent="Mission_Target" instance=ExtResource( 8 )]

[node name="Zone" parent="Mission_Target/Entrance" index="0"]
transform = Transform( 1, 0, 0, 0, 1, 0, 0, 0, 1, 7.3927, 0, -13.2146 )

[node name="Kitchen" parent="Mission_Target" instance=ExtResource( 8 )]

[node name="Zone" parent="Mission_Target/Kitchen" index="0"]
transform = Transform( 1.7, 0, 0, 0, 1, 0, 0, 0, 2.3, -8.76977, 0, 3.62654 )

[node name="Stairs" parent="Mission_Target" instance=ExtResource( 8 )]

[node name="Zone" parent="Mission_Target/Stairs" index="0"]
transform = Transform( 1.3, 0, 0, 0, 1, 0, 0, 0, 1.3, -0.27779, 0, -10.6853 )

[node name="Reception_desk" parent="Mission_Target" instance=ExtResource( 8 )]

[node name="Zone" parent="Mission_Target/Reception_desk" index="0"]
transform = Transform( 1, 0, 0, 0, 1, 0, 0, 0, 1.5, 7.44847, 0, -8.74383 )

[node name="TableTennis Room" parent="Mission_Target" instance=ExtResource( 8 )]

[node name="Zone" parent="Mission_Target/TableTennis Room" index="0"]
transform = Transform( 1.7, 0, 0, 0, 1, 0, 0, 0, 1.5, -1.68103, 0, 9.78008 )

[node name="Male Toilets" parent="Mission_Target" instance=ExtResource( 8 )]

[node name="Zone" parent="Mission_Target/Male Toilets" index="0"]
transform = Transform( 1, 0, 0, 0, 1, 0, 0, 0, 3, -8.21833, 0, -7.40246 )

[node name="Female Toilets" parent="Mission_Target" instance=ExtResource( 8 )]

[node name="Zone" parent="Mission_Target/Female Toilets" index="0"]
transform = Transform( 1, 0, 0, 0, 1, 0, 0, 0, 3, -13.3383, 0, -7.66415 )

[node name="Server Room" parent="Mission_Target" instance=ExtResource( 8 )]

[node name="Zone" parent="Mission_Target/Server Room" index="0"]
transform = Transform( 1.2, 0, 0, 0, 1, 0, 0, 0, 2, -3.14515, 0, -5.50839 )

[node name="Manager Office" parent="Mission_Target" instance=ExtResource( 8 )]

[node name="Zone" parent="Mission_Target/Manager Office" index="0"]
transform = Transform( 2, 0, 0, 0, 1, 0, 0, 0, 1.5, 5.63002, 0, 5.31556 )

[node name="HR Dep" parent="Mission_Target" instance=ExtResource( 8 )]

[node name="Zone" parent="Mission_Target/HR Dep" index="0"]
transform = Transform( 2, 0, 0, 0, 1, 0, 0, 0, 1.5, 13.0524, 0, 5.17115 )

[node name="Storage_Kitchen" parent="Mission_Target" instance=ExtResource( 8 )]

[node name="Zone" parent="Mission_Target/Storage_Kitchen" index="0"]
transform = Transform( 2, 0, 0, 0, 1, 0, 0, 0, 1.5, -9.09048, 0, 9.97629 )

[node name="Missions" type="Node" parent="."]

[node name="Timer_Lobby" type="Timer" parent="."]

[node name="BeCloseToSomeone" parent="." instance=ExtResource( 9 )]

[node name="LikertItem" parent="." instance=ExtResource( 7 )]
visible = false

[node name="QuestionsExplanations" parent="." instance=ExtResource( 10 )]
visible = false
[connection signal="button_down" from="CanvasLayer/UI/Button_M1" to="." method="_on_Button_M1_button_down"]
[connection signal="button_down" from="CanvasLayer/UI/Button_M2" to="." method="_on_Button_M2_button_down"]
[connection signal="button_down" from="CanvasLayer/UI/Button_M3" to="." method="_on_Button_M3_button_down"]
[connection signal="timeout" from="timer_save" to="." method="_on_timer_save_timeout"]

[editable path="CanvasLayer/UI"]

[editable path="Mission_Target/End of the corridor"]

[editable path="Mission_Target/PoolTable"]

[editable path="Mission_Target/Offices"]

[editable path="Mission_Target/Director Office"]

[editable path="Mission_Target/Lift"]

[editable path="Mission_Target/Relaxation Room"]

[editable path="Mission_Target/Conference Room "]

[editable path="Mission_Target/Entrance"]

[editable path="Mission_Target/Kitchen"]

[editable path="Mission_Target/Stairs"]

[editable path="Mission_Target/Reception_desk"]

[editable path="Mission_Target/TableTennis Room"]

[editable path="Mission_Target/Male Toilets"]

[editable path="Mission_Target/Female Toilets"]

[editable path="Mission_Target/Server Room"]

[editable path="Mission_Target/Manager Office"]

[editable path="Mission_Target/HR Dep"]

[editable path="Mission_Target/Storage_Kitchen"]
