[gd_scene load_steps=3 format=2]

[ext_resource path="res://Player.gd" type="Script" id=3]

[sub_resource type="CapsuleShape" id=1]
radius = 0.417241
height = 1.11647

[node name="Player" type="KinematicBody"]
collision/safe_margin = 0.05
script = ExtResource( 3 )

[node name="Face" type="Spatial" parent="."]
transform = Transform( -1, -2.2527e-09, -1.50625e-07, -1.27936e-08, 0.997546, 0.0700177, 1.50098e-07, 0.0700177, -0.997546, 0, 1.6, 0 )

[node name="CollisionShape" type="CollisionShape" parent="."]
transform = Transform( 1, 0, 0, 0, -1.62921e-07, 1, 0, -1, -1.62921e-07, 0, 0.972435, 0 )
shape = SubResource( 1 )
disabled = true

[node name="Rotation_helper" type="Spatial" parent="."]
transform = Transform( 1, 0, 0, 0, 1, 0, 0, 0, 1, 0, 1.6, 0 )

[node name="Camera" type="Camera" parent="Rotation_helper"]
transform = Transform( -1, -2.25269e-09, -1.50625e-07, -1.27936e-08, 0.997546, 0.0700177, 1.50098e-07, 0.0700177, -0.997546, 0, 0, 0 )
current = true
fov = 49.2943

[node name="PickupAnchor" type="Spatial" parent="Rotation_helper/Camera"]
transform = Transform( -1, -1.27936e-08, 1.50098e-07, -2.25269e-09, 0.997546, 0.0700177, -1.50626e-07, 0.0700177, -0.997546, 0.00733998, -0.239045, -0.994406 )

[node name="RemoteTransformFace" type="RemoteTransform" parent="Rotation_helper"]
transform = Transform( -1, -2.25269e-09, -1.50625e-07, -1.27936e-08, 0.997546, 0.0700177, 1.50098e-07, 0.0700177, -0.997546, 0, 0, 0 )
remote_path = NodePath("../../Face")
update_position = false
